73.5929, 18.1072
68.6125, -1.7043
55.6213, -16.0302
57.5897, -18.366
20.9586, -71.4756
35.8895, -48.5111
54.2777, -23.692
35.5907, 7.85998
31.8782, 21.5571
31.6305, 27.2906
58.7819, 29.9756
96.5079, 25.6958
72.6273, 27.4094
43.2284, 20.2054
50.1404, -13.2169
35.8854, 23.486
46.4669, 17.3499
76.4065, -22.5612
83.8563, -34.0435
84.3002, -38.3294
84.4999, -34.6602
2.84186, -14.9392
-32.7914, 19.1147
-69.1149, 190.013
-73.0099, 212.92
-69.2966, 206.462
-65.865, 201.95
-72.0301, 43.2602
-79.0177, 86.4496
-63.6521, 153.127
-4.58774, 254.034
30.9206, 80.8277
-6.09464, 93.7758
-19.0655, 101.519
127.167, 251.15
148.37, 292.643
143.844, 298.546
128.379, 296.294
130.381, 283.57
75.488, 233.01
40.5476, 204.037
-52.8212, 104.516
-151.274, 34.0144
-326.164, -17.1526
-259.457, 40.9704
-153.85, 113.489
-36.293, 226.344
-4.32425, 202.458
3.72484, 192.853
22.4393, 204.048
32.8952, 181.134
63.3813, 138.678
46.8252, 67.2767
25.6677, 26.8345
57.5508, -88.896
50.8351, -135.307
0.706905, -174.418
-41.4236, -209.18
-45.4075, -217.601
-63.9325, -236.938
-79.8446, -237.367
-79.9952, -228.869
-58.1896, -166.074
-52.3014, -187.789
-33.4809, -205.956
-32.4283, -213.683
-10.1299, -241.035
7.00363, -294.142
4.9938, -221.312
54.7988, -141.44
78.7597, -97.008
83.1005, -49.8609
18.5752, -80.7278
-13.4013, -175.575
46.021, -153.333
50.8183, -142.554
52.5067, -121.786
62.4427, -118.977
79.4536, -126.468
88.3669, -119.28
35.0529, -50.3358
-11.7469, -10.0835
-40.8082, -133.15
-93.5745, -208.488
-123.7, -236.701
-102.336, -208.209
-63.2227, -130.482
-3.88362, -26.2328
18.9717, 12.1038
-34.2531, 74.0363
-123.376, 70.2741
-169.405, 34.126
-146.327, 75.3426
-129.602, 103.032
-97.1236, 156.771
-66.7876, 183.214
-80.4273, 162.313
-114.405, 96.7574
-130.716, 70.3771
-134.824, 64.9733
-142.19, 70.4662
-115.768, 47.3009
-66.7994, -13.3304
-28.4082, -52.1371
10.9856, -109.052
77.2803, -180.113
1.39535, -40.502
-26.2821, 28.961
-22.893, 46.794
11.2871, 40.8224
-22.4853, 15.0153
-28.954, 11.2098
-32.9027, 15.3709
-22.6479, 4.49626
-16.1818, -1.16614
-12.7959, -7.50254
-6.71502, 3.21641
-4.91957, 13.5764
-6.96552, 15.3861
-10.9782, 10.3572
-29.3046, -1.22197
-24.3582, 3.44
-3.55419, 15.0313
8.9387, 17.8987
-11.0232, 16.0655
-13.3175, 11.9382
-5.30914, 5.82034
4.1215, 1.90965
18.6655, 2.63719
29.9775, 4.41085
44.2474, 6.29838
45.4816, 10.0498
36.8554, 5.17194
20.2495, 1.41422
-0.824931, 4.83918
-12.2607, 8.21324
-45.0858, 66.7068
-17.9526, 139.248
-33.1555, 195.272
-15.0225, 195.154
21.8973, 169.062
92.4501, 142.409
141.645, 107.038
95.3595, 38.0687
36.3511, -1.65903
48.5212, -48.8267
62.2145, -84.2777
26.0034, -51.355
-76.9593, -121.7
-128.305, -203.699
39.067, -302.567
72.2771, -333.391
93.2958, -244.144
107.616, -209.685
153.623, -102.48
105.727, -28.9178
108.29, 10.4335
130.511, 47.6067
123.806, 51.7416
55.0123, 5.86173
9.57647, 14.2492
-10.8635, 120.797
2.33975, 192.797
27.3117, 267.875
53.5054, 293.527
102.596, 266.227
223.574, 110.822
265.887, 21.1286
247.044, -39.6152
184.939, -80.1162
-40.3145, -18.2787
-151.731, -66.7423
-250.615, -202.147
-100.412, -337.672
-102.098, -331.458
-118.553, -305.656
-39.2497, -211.811
-27.5341, -199.15
78.6136, -78.0404
135.091, -8.02665
207.965, 89.1942
199.317, 57.3656
72.0234, 57.6928
-26.7236, 78.0301
5.37932, 61.8798
-41.3426, 133.289
-128.52, 220.251
-25.8454, 275.185
116.488, 248.655
243.964, 179.201
289.358, 43.9527
171.475, 3.85174
81.7731, -40.8856
-5.92361, -99.0486
-171.893, -81.697
-255.86, -87.3243
-235.895, -118.585
-57.0489, -199.867
-13.0473, -291.604
-13.2068, -330.26
1.84063, -327.599
97.8183, -199.513
112.764, -139.79
31.3603, -63.556
-1.11712, -28.9964
52.3145, -32.2699
106.286, -30.5916
34.5591, -5.56004
18.338, 65.6607
16.3346, 98.4154
-4.95536, 158.753
-9.94175, 184.451
163.545, 60.1659
224.276, 7.03873
207.425, 5.97241
176.194, 11.1616
-18.244, 5.69577
-18.3395, 16.2732
7.88628, 25.554
134.07, -8.40734
121.242, -99.4147
107.847, -172.364
140.797, -227.707
224.711, -244.831
258.577, -212.013
251.246, -109.922
224.089, -51.3058
102.756, 50.3484
111.277, 72.2608
235.971, 15.2803
107.265, 20.1815
10.2256, 60.1887
9.01239, 84.2193
-143.274, 168.255
-169.497, 202.562
-108.12, 214.016
-132.899, 220.459
-52.0006, 123.906
2.0198, 28.2598
-0.802364, 10.2637
31.6638, 29.6795
65.5926, 36.4718
38.4185, 44.6822
-19.498, 14.4607
-43.9401, -13.3445
-31.1023, -27.2101
-15.8993, -35.2162
-70.3831, 8.69392
-75.4404, 27.3639
-82.8931, 29.8588
-66.6034, 40.6808
2.60134, -11.7318
50.4471, -111.395
63.9153, -156.364
63.123, -147.539
72.0921, -145.354
143.115, -136.506
51.4132, -40.9709
31.7959, -6.58768
9.07981, -84.8473
-57.5485, -104.556
-13.139, -101.31
7.82554, -92.9391
16.2896, -105.687
23.6026, -75.8591
27.744, -48.8289
45.5487, 102.932
32.5396, 140.229
-137.83, 48.0707
-192.718, 17.5943
-185.305, 0.0366797
-186.339, 14.8102
-136.175, 15.6896
-122.603, 4.47017
-126.202, -40.0507
-90.7331, -83.7782
-32.0415, -149.288
1.17936, -195.304
33.7208, -221.599
29.0766, -177.872
35.6338, -118.117
55.3718, -76.0269
-58.5058, -40.897
-88.6727, -13.7297
-90.4832, 8.02421
-166.708, 6.48998
-174.055, 33.7962
-183.419, 42.294
-133.445, 108.662
-50.1626, 135.474
8.50192, 131.699
9.03321, 113.955
-59.1809, 96.2121
-77.1131, 57.4394
-52.9112, 39.8673
-54.4598, 28.3161
-43.4223, 51.6205
-73.484, 38.0376
-110.612, -48.2399
-74.0129, -142.147
-42.1931, -222.961
112.892, -268.237
176.841, -242.308
46.5275, -172.086
9.7872, -139.899
-29.0127, -102.064
-126.845, -65.3054
-200.186, -51.55
-243.147, -49.8318
-267.259, -43.7591
-281.195, -36.5899
-304.57, -35.924
-271.892, -39.9243
-203.309, 7.97969
-158.787, 38.9035
-86.8659, 94.8807
-63.0278, 138.883
-56.0824, 149.344
-93.5676, 170.816
-22.5724, 174.17
17.2237, 117.602
16.2162, 78.0423
20.4673, 25.444
-34.1586, 6.81261
-120.75, -4.42093
-207.048, -13.6221
-254.724, -27.9471
-197.182, -87.4102
-90.3092, -156.101
-30.5567, -180.722
-0.986641, -171.123
-1.11258, -81.7622
23.407, -89.8897
43.6291, -98.7977
48.0746, -96.8229
-140.981, -18.7216
-87.3673, 7.84703
-26.0989, 7.05625
-104.703, 74.7744
-45.0747, 165.052
-7.11064, 156.231
-81.4724, 120.554
-140.295, 100.841
-209.668, 58.9348
-244.313, 58.0827
-274.355, 55.5157
-297.124, 59.2901
-294.023, 63.1165
-260.062, 44.3189
-180.306, -29.2186
-124.782, -126.246
-136.009, -185.148
-91.7133, -146.773
-128.229, -126.963
-165.113, -117.253
-148.876, -104.024
-154.082, -103.948
-160.336, -111.92
-89.8792, -24.3192
-71.2689, 1.8522
-76.7415, 42.5061
-37.7962, 158.565
-22.0573, 207.505
17.592, 271.898
9.09238, 223.269
14.4637, 163.355
-80.2153, 71.995
-160.981, 33.8048
-203.876, 74.7235
-214.79, 87.8612
-252.818, 105.612
-300.96, 54.2104
-239.73, -27.6362
-107.537, -149.748
-20.8391, -225.291
66.0306, -193.352
116.44, -165.911
55.7583, -132.902
-89.8598, -109.997
-127.558, -105.106
-155.771, -162.862
-99.6181, -70.1304
-48.4251, -12.7989
13.1597, 46.7424
-42.9791, -29.1614
-77.8316, -73.2897
-72.9673, -81.1887
-25.9396, -9.32686
-41.045, 13.0466
-63.2123, 23.5208
-47.495, 7.04825
-27.7436, -9.95862
-8.9439, -12.4539
5.27167, -6.34835
25.9623, 23.7329
14.6101, 23.9805
-6.01318, 21.1159
-1.69133, -5.01016
0.328128, -12.5268
-3.7395, -17.0378
-18.9445, 0.78825
-17.6829, 1.09737
-15.5522, 2.40735
-23.88, 11.5003
-36.6986, 6.73938
-36.2137, 3.29794
-16.9943, -1.37667
-31.0454, -2.50361
-33.3215, -1.77644
-21.3653, -1.59605
-20.2133, 25.6776
-7.06184, 20.666
-1.18008, 19.4423
-4.27421, 14.2342
6.08425, -6.21982
3.80816, -4.67081
-6.55285, -2.51539
-30.8425, 15.5372
-30.5515, 17.7586
-19.0684, 7.48557
-11.9887, 1.47813
-11.4093, 2.66361
4.5069, 4.11357
10.395, -4.68308
-2.65682, -7.8494
-20.8454, -7.80796
-25.846, 10.0234
-27.6651, 21.0847
-29.3271, 26.3133
-29.2429, 21.7517
-25.4816, 21.4223
-49.7771, 5.20379
-77.3573, -3.14017
-68.794, 22.1392
-32.7933, 28.1215
-39.4138, 35.7667
-93.4404, 50.7532
-195.849, 63.8313
-106.994, -31.2527
13.3308, -98.7273
127.727, -137.023
62.0549, -102.374
17.1505, -85.1783
-47.3699, -59.0059
-109.46, 0.677998
-100.036, 17.9903
-38.3313, 5.64522
-47.1252, -4.73062
-130.995, 16.8069
-107.247, 104.288
-20.3796, 144.234
84.2141, 170.635
205.001, 177.265
-70.5121, 23.4668
-80.7254, 8.29995
-84.173, 49.8621
-115.559, 57.9031
-129.245, 43.1736
-121.039, -10.7585
-93.2796, -101.569
-67.7596, -125.283
-36.9953, -112.524
6.05751, -55.0544
-117.461, -4.10852
-173.189, -15.2128
-79.0608, -50.3729
-32.3241, -58.9597
10.9379, -25.6243
56.6745, -2.98365
-2.10173, 80.3377
-40.0244, 123.705
-26.5833, 132.214
7.9626, 90.7467
-43.2411, 58.4902
-163.675, 20.4284
-217.854, 3.36459
-152.402, -14.1558
-131.113, -10.0607
-178.224, -31.3731
-208.009, -61.1258
-166.423, -68.1978
-163.322, -91.3983
-164.447, -104.147
-160.2, -106.421
-177.167, -57.2092
-223.995, -23.0852
-304.812, -0.796716
-116.508, -49.4931
-109.37, -20.115
-130.679, 3.21691
-30.9405, 103.921
78.038, 172.115
205.134, 243.969
77.1884, 204.304
-31.3585, 92.454
-90.2339, -44.0468
-133.813, -79.0483
-97.8034, -81.7499
-42.0753, -99.8317
-9.30957, -125.845
-78.3266, -120.095
-68.5999, -103.303
-26.4503, -90.4649
-50.8674, -86.8219
-31.8526, -92.1054
-144.553, -14.5918
-187.736, 33.5366
-152.067, 46.2092
-151.63, 35.2518
-176.975, 24.3351
-161.076, 100.283
-137.481, 170.149
-32.965, 212.594
-101.087, 60.5904
-112.102, 54.5475
-76.7635, 56.3817
-29.2373, 7.71097
-71.2563, 57.4115
-90.5912, 84.9027
-170.241, 71.7662
-177.541, 5.8982
-32.8521, -119.086
0.975733, -149.624
88.9555, -179.779
155.799, -141.252
193.071, -111.688
210.084, -99.6485
145.542, -71.3705
-37.5694, -30.0625
-77.1163, 43.1914
-84.8397, 96.9324
-66.6975, 144.888
-51.0097, 163.149
-18.251, 193.268
46.0826, 209.346
-39.6368, 86.4295
-100.42, 27.3826
-81.558, 16.4803
-138.817, 22.3483
-194.977, 58.9106
-245.329, 51.4599
-275.848, 1.10344
-214.61, -38.0261
-133.175, -85.857
-34.616, -155.802
18.2929, -188.438
19.4637, -189.483
-55.7201, -132.038
-94.4907, -92.5274
-93.2957, -78.9875
-75.6236, -60.7032
-111.303, -52.8562
-143.864, -53.0051
-123.28, -12.823
-105.976, 15.3862
-112.275, 28.825
-203.159, 60.0817
-185.115, 39.6508
-113.948, 11.5239
-53.3689, -10.2602
-77.8541, -4.60915
-106.996, 11.032
-104.921, -10.1592
-91.8807, -47.7052
-98.2843, -45.6133
-59.1943, -35.5261
-37.9077, -12.8847
57.9313, 26.906
70.8668, 26.5014
72.504, 37.121
66.1142, 41.7381
59.8226, 41.0684
55.0995, 38.1611
52.0257, 34.9687
23.6469, 37.651
16.185, 48.7202
19.5866, 57.1172
40.2847, 67.2372
41.7608, 83.8503
18.6125, 116.338
-15.9623, 173.699
18.5189, 112.506
37.0439, 38.8628
30.5543, 21.6619
18.6717, 14.0602
4.4694, 19.4009
-6.86244, 30.8408
30.9603, 47.3315
-17.6785, 48.9493
-17.5555, 36.7969
-72.5263, 24.8183
-71.4196, -12.568
-74.4323, -12.6086
-25.7909, -115.743
16.4917, -204.6
171.62, -206.044
192.802, -174.412
127.564, -80.1569
100.9, -21.9592
206.344, 52.208
181.675, 54.6887
16.5323, 27.9624
-34.4371, 56.4432
-6.99597, 86.1304
21.2123, 99.926
-28.2147, 51.58
4.16633, 63.3243
47.8395, 73.7807
52.8374, 56.6325
38.0858, 16.9204
50.5081, 1.07486
169.236, 8.7642
15.8384, 36.6403
-8.79753, 31.5541
8.1946, 18.4528
123.575, -33.135
50.9997, -94.7422
15.2888, -136.977
-22.4432, -171.457
-8.35005, -167.81
63.1062, -54.5935
28.2164, -22.957
-7.4361, -4.6266
-40.2561, 37.3824
-0.0715675, 33.9303
18.2619, 10.3295
19.8776, -1.46846
106.121, 13.8023
-29.1276, 11.997
-110.174, 83.8329
-144.073, 172.109
-145.312, 52.7939
-10.0186, 86.2295
106.208, 96.4881
133.144, 27.8484
121.837, -1.11149
224.551, -6.05151
227.753, 0.359642
131.22, 2.13237
37.5487, -0.981377
-9.9043, -0.199319
73.9565, -40.6642
66.6118, -135.8
23.8187, -227.923
3.11407, -288.731
38.8604, -303.306
102.341, -296.164
48.8764, -235.467
-3.28605, -200.498
28.9803, -155.639
105.533, -107.257
38.3279, -71.1235
-14.1257, -42.9816
110.737, -9.76752
128.504, 65.7402
162.589, 197.949
170.42, 259.408
309.919, 314.47
349.868, 279.344
299.001, 227.465
200.329, 196.702
108.558, 126.751
87.9358, 97.5905
83.9229, 59.953
59.6107, 50.5919
49.5023, 37.1529
33.5869, 5.44986
2.27369, -56.6056
21.9253, -125.061
90.9034, -165.334
189.729, -156.455
210.429, -141.38
96.8981, -21.1839
48.0244, 19.1218
6.67042, 12.6771
-2.78757, 13.0696
-28.8977, -4.97751
-42.1536, -24.7589
-0.332844, -36.9333
68.084, 2.17726
94.6316, 32.7817
91.2875, 37.7276
142.811, 31.6477
212.134, 19.6327
194.152, 5.66487
151.376, 1.5877
154.327, -3.8656
112.67, -7.8429
57.4414, 3.63957
21.6949, 14.9047
-0.488846, 10.1134
10.0658, -6.82405
6.40872, -19.1586
-12.9414, -17.6467
-9.34126, -10.7184
2.78571, 2.17084
8.53835, 9.75141
22.3384, -2.88884
30.5133, -2.80693
31.2356, 2.34296
14.6216, 6.48876
20.2159, 16.3691
40.7283, 20.1486
42.1563, 19.5275
28.2018, 3.7693
15.8764, 5.85872
16.4068, -14.4852
17.0835, -23.1841
13.9265, 3.03287
37.0181, -18.6186
39.282, -53.8771
28.7803, -74.3731
4.61385, -43.2393
-5.07858, -20.1018
1.5802, 2.93498
31.1114, 24.924
32.5175, -29.6794
11.8347, -70.8851
-38.6301, -79.6968
-45.4777, 12.9397
-37.6828, 27.2109
-18.4119, 12.2749
-33.3549, -10.0042
-82.2812, -66.6293
-95.1491, -65.9187
-77.7265, -23.5687
-4.01582, -51.0307
6.81299, -79.3169
20.5942, -85.8685
21.2419, -35.2242
-12.9489, 6.92558
-6.81653, -17.6515
15.595, -97.6931
-78.8986, -101.357
-116.515, -167.903
-112.103, -246.982
-20.4079, -194.432
17.0039, -90.7108
16.1483, -14.8955
125.192, 139.07
131.674, 93.1859
-59.4907, 44.5727
-103.455, 29.9119
-43.7725, 14.8803
-17.1211, -18.4889
-8.4587, -98.1723
-17.468, -181.658
-129.864, -57.8502
-143.568, 3.24528
-42.7068, 0.525245
79.9485, -19.0011
43.0747, 63.9715
-3.22623, 158.678
-12.8634, 177.706
15.2491, 187.986
43.7844, 115.336
22.8536, -36.3665
14.4793, -59.8247
25.0876, -5.98188
19.3527, -20.8776
8.9113, -26.0675
-15.7326, -11.3633
-2.35039, 6.34782
68.1314, 62.591
-61.331, 113.446
-68.3913, 74.1824
-44.5263, 64.5844
-12.4613, 55.4032
-70.331, 32.5602
-103.513, 20.6789
-126.742, 23.3428
-123.376, 25.4899
-46.8068, -92.3258
14.6796, -165.333
27.2923, -42.1176
4.95847, 5.17791
-2.11224, 19.369
0.698125, 29.2888
3.94668, 9.79856
55.6312, 37.1578
105.625, 83.2411
59.0841, 60.9977
106.761, -4.50173
76.7749, -34.964
52.9, -12.3638
-0.364183, 82.9846
-24.2042, 42.9781
-81.4943, -37.9821
-76.5295, -50.1628
-50.3204, -14.5695
-67.1656, -23.2301
-206.659, 80.8905
-240.697, 126.272
-207.828, -43.9638
-164.332, -171.814
-147.821, -195.421
-88.7792, -103.957
-55.1607, -23.3066
-32.7628, 2.06857
-4.58471, 22.4274
96.2673, 121.364
71.1633, 64.5571
55.8679, 43.5997
21.0014, 25.4673
35.7206, 10.3304
27.9041, -31.7353
0.419072, -56.7812
62.7883, -253.682
110.201, -259.81
72.0488, -213.362
21.3996, -132.201
3.2104, -102.715
-44.0416, -112.148
-86.4505, -72.3805
-115.452, -28.0246
-60.8529, -31.7482
-38.5527, -24.7327
-25.4586, 74.1696
-22.9596, 133.321
13.3928, 61.5123
27.6273, 23.3403
29.3827, 15.0711
64.612, 65.1957
72.5093, 85.59
109.149, 151.963
88.3977, 73.4775
-12.8377, -23.2214
-16.7953, -19.3341
-12.0544, -15.5393
-5.91773, 13.2786
-1.57878, 16.3754
-1.62547, 20.3931
-4.51556, 22.8387
7.05007, 14.9009
9.47373, 11.698
15.2862, 7.76843
15.8132, 5.61795
12.9494, 2.28361
19.232, 2.79016
25.8946, 5.27486
24.8856, -7.08094
20.6331, -2.38091
-11.6822, -12.1157
-71.8017, -31.6197
-38.4953, -0.92004
-32.4442, 12.7674
-29.1383, 24.0361
-38.3973, 48.6765
-84.7651, 48.2081
-78.252, 5.31155
-63.3544, -11.8045
-19.7138, -26.9046
-17.5238, -30.539
-27.2417, -43.0275
-53.7675, -75.3336
-50.1927, -92.5261
51.8325, -244.451
96.9131, -190.994
159.019, -100.589
203.504, -49.9532
118.67, -33.0577
82.1177, 46.443
96.2728, 126.249
1.10478, 179.042
-43.6965, 191.089
-49.2869, 164.301
-34.2406, 94.2334
59.8451, 20.6441
175.523, -2.81103
208.515, -2.16649
36.7873, -1.70623
-99.0962, -59.6539
-223.358, -15.3815
-264.226, 12.4253
-252.614, 25.8271
-258.365, 14.2469
-278.934, 5.46352
-199.063, 91.6613
-104.132, 122.444
-47.4848, 133.245
-92.9833, 20.6536
-104.566, -12.8538
-81.0764, 113.643
-84.0405, 179.534
-109.114, 226.614
-119.013, 274.007
-28.7921, 195.939
34.7423, 108.073
27.5472, -8.1568
10.8589, -61.651
-5.00905, -44.4162
-44.7868, -53.2075
-100.727, -73.8151
-178.074, -20.7462
-231.921, -42.7698
-208.953, -49.6527
-111.367, 6.43096
-63.7688, 52.6226
14.7395, 153.085
59.6908, 253.913
12.4159, 323.844
-54.8292, 280.304
-32.3665, 134.192
-22.769, 56.1278
-35.6058, -6.18328
-22.198, -41.238
-8.83812, -69.3522
-11.8014, -73.3619
-3.55395, -37.064
17.7772, 61.97
17.0184, 61.962
13.9494, 50.2479
15.0236, 33.3447
25.1321, 10.8913
43.0943, -17.6418
79.3317, -72.6387
58.6966, -53.0451
47.8465, -45.1304
-12.0404, -90.2306
-92.8683, -114.317
-116.818, -126.225
-100.47, -86.005
12.0267, 34.9309
-92.7781, 128.605
-76.8618, 244.167
-48.4847, 329.38
-13.4133, 154.928
-56.5487, 45.469
-122.138, -0.312182
-176.724, 6.43555
-132.552, 16.3523
-49.5585, -4.76595
5.08931, -14.6435
9.11356, 2.35968
20.674, 28.2318
24.8481, 72.8223
12.8987, 109.701
12.5905, 66.4369
-98.4256, 33.1917
-156.451, 12.1551
-225.179, -6.37566
-302.546, -14.0596
-341.072, 71.9179
-319.936, 96.8567
-200.99, 145.697
-88.8987, 144.07
-28.2212, 132.651
-20.0954, 6.80355
-7.22914, -146.847
8.43431, -226.035
27.4688, -137.107
32.9249, -91.8219
45.1055, -77.0759
115.03, -111.445
69.3088, 56.0036
23.4813, 148.353
13.0328, 156.948
23.0283, 159.222
41.5796, 97.5586
43.6662, 82.2639
6.27237, 29.7206
15.5541, -9.89053
43.022, -5.35622
63.9926, 21.7402
73.1194, 49.4263
56.3174, 68.6706
27.3677, 90.2552
-46.7872, 63.138
-58.6906, 0.52348
-26.8455, -31.5428
-24.5971, -35.5787
-23.0177, -62.28
-9.95779, -63.17
-6.15221, -58.2309
-18.3692, -43.3487
-9.99415, -9.19153
-15.674, 0.693468
-11.6838, 4.18508
-6.48591, 7.2953
-2.58964, 23.4772
-13.2635, 88.8373
-11.0431, 85.3884
-23.6929, 123.895
-30.5808, 154.118
-17.0055, 117.697
-12.8813, 81.0986
-10.9161, 71.1842
-8.64758, 69.6651
-9.71068, 48.4365
-11.6619, 31.5666
-10.9935, 19.2726
-1.24828, 0.0337424
3.9598, -13.1717
4.4656, -18.7495
-1.98229, -17.9329
5.95056, -26.1871
14.6204, -8.2229
20.0701, 16.9818
24.0598, 91.6034
11.3181, 152.668
10.7974, 167.065
-0.516226, 72.0365
-50.2234, 23.1728
-137.784, -8.98228
-192.746, -28.0507
-205.416, -57.3949
-151.225, -58.0743
-139.486, -61.2291
-129.625, -19.1658
-103.293, 62.8992
-25.6437, 42.9261
76.4086, -10.3736
112.299, 3.82459
66.9627, 23.2965
41.8263, 11.7616
17.9885, 36.302
14.2573, 56.0767
27.6097, 88.1154
12.0069, 233.339
-13.2675, 313.302
-18.0339, 281.107
-5.74364, 157.641
-16.6408, 110.345
-16.2223, 82.1244
-17.0324, 56.8767
51.5551, 173.824
91.2862, 181.225
107.281, 145.478
24.4852, 56.2433
-14.6988, 37.162
-28.5961, 59.481
-50.2982, 93.853
-40.3254, 68.2884
-30.2602, 49.7889
-16.9758, 45.0957
-32.2292, 43.8523
-46.0684, 6.45551
-47.2018, -1.27715
-22.092, 8.16211
-22.234, 31.2755
-20.5959, 36.2244
-11.848, 102.32
-8.27012, 124.546
-4.00851, 106.353
-19.9347, 74.2814
-39.6085, 44.6312
-22.7998, 9.88062
-4.93053, 4.93639
-12.9207, -5.00051
-19.7033, -24.0296
-11.4607, -33.6725
1.76145, -41.3972
10.8361, -42.6764
10.4082, -43.9575
2.37424, -24.6752
30.1246, 48.4068
58.0148, 123.713
65.9411, 156.284
78.8351, 192.471
95.9632, 188.008
123.944, 174.649
131.366, 188.642
78.1832, 175.892
76.455, 127.005
57.0998, 137.058
52.0524, 140.407
42.947, 115.692
29.7483, 52.1533
18.5303, 21.9072
11.564, 34.7715
14.5426, 32.9203
11.8994, 16.0559
-14.771, 59.1367
-27.7422, 81.3275
-43.5913, 91.471
-28.764, 95.8434
-17.4513, 101.392
-15.8879, 103.051
-18.6698, 105.043
-21.146, 96.6927
-26.9968, 82.5511
-19.7504, 49.6734
-19.9037, 36.4903
-25.1319, 39.915
-24.5199, 39.56
-27.4802, 36.9135
-23.105, 34.0284
-20.0033, 47.895
-14.7826, 56.8282
-15.9683, 64.1982
-13.4635, 74.3762
-12.867, 73.2052
-7.12865, 72.7508
-5.05257, 77.3209
3.04526, 69.4965
5.16134, 29.6056
-10.8387, 18.9042
-6.51064, 23.0584
-6.90677, 18.0496
-11.2865, 14.2222
-14.0151, 7.2612
-10.9893, 7.67186
-3.89114, 15.2437
-13.7909, 7.0368
-17.0998, 11.6971
-10.6466, 17.8731
-9.16986, 12.4242
-13.3996, 12.3264
-5.70163, 12.5216
-18.3176, 13.095
-23.3511, 5.14074
-16.3295, 7.02929
-8.14512, 5.07273
-2.71806, 1.92049
-1.70535, -7.09692
-7.5088, -4.56444
-15.088, -22.8816
-22.3468, -34.2228
-13.5232, -61.4412
-4.0525, -68.326
13.8324, -77.7126
13.6598, -73.7092
7.71658, -75.3629
-1.2351, -73.586
-6.63482, -78.1668
-8.77446, -79.2108
-2.51423, -75.7218
-2.15451, -71.0697
-2.96337, -75.2836
-1.31525, -90.0302
-1.9836, -93.3142
-2.29935, -80.5786
-4.34825, -72.8536
-7.36987, -72.3121
5.93298, -90.0348
2.9027, -110.413
-2.80725, -110.582
8.76278, -109.235
7.05755, -122.554
-1.81947, -129.599
-3.99199, -127.178
-2.36102, -147.914
-3.04671, -118.162
-1.19363, -47.7111
1.30979, -34.8594
2.97229, -33.869
6.29992, -23.9806
-5.09346, -29.6419
-11.982, -44.3016
21.4699, -34.8739
25.0018, -39.7034
-2.53498, -50.4027
-10.0646, -33.014
-8.80165, -13.0565
-2.99318, -0.122615
0.877256, -3.12851
-4.49555, -3.84287
-5.74761, 8.99988
-7.61915, 39.15
-5.89687, 11.7728
-17.6221, 15.5814
-3.03277, 18.4359
9.81318, 20.5092
8.98006, 18.9702
3.40963, 11.1723
-10.3685, -11.4191
-17.8103, -32.8565
-14.8232, -54.7627
-21.5241, -53.5476
-30.8098, -24.1071
-20.7761, -30.2575
-6.09346, -34.4207
3.51055, -41.537
-1.81826, -29.8492
-3.34215, -23.9233
2.45487, -18.7686
14.7061, -19.6073
18.0775, -8.01355
14.429, -13.0027
11.5987, -38.3375
21.6956, -54.1927
35.9045, -70.1877
43.2429, -72.528
17.3011, -98.2289
-0.331396, -208.48
-1.92943, -241.238
0.0411053, -235.661
-12.8722, -192.34
-47.4584, -146.254
-70.528, -146.086
-72.8278, -141.172
-91.7408, -50.6702
-82.428, -0.400794
-25.552, -17.718
125.702, -83.1881
211.726, -58.8052
273.791, 9.56225
234.484, 0.634385
128.719, -57.8373
103.051, -88.3746
80.8398, -102.49
54.025, -112.411
48.1416, -84.0556
44.0489, -68.5206
100.697, -72.8888
135.014, -10.9113
96.1771, 20.1746
33.1777, 26.1082
12.0619, 0.344673
37.9535, 4.34474
62.6989, 25.8184
81.0378, 39.514
77.4216, 15.0224
145.007, -64.1777
147.065, -88.7205
142.167, -125.532
160.315, -144.373
182.367, -151.289
135.73, -61.812
55.7823, -22.6646
27.8117, 14.0687
17.8238, 28.2896
46.3208, 1.40902
99.9481, -7.93682
109.471, -15.2857
102.349, -6.19794
39.2278, 16.0278
17.165, 21.2392
15.995, 15.168
7.73858, 5.27386
20.0606, 6.72339
26.7501, 9.42114
31.3066, 4.22082
31.1722, 8.04204
6.42226, 43.6111
12.8789, 33.392
15.2331, 19.4371
30.2899, 7.68737
33.9219, -18.3556
46.5025, 10.8927
54.0031, 8.3197
58.1259, 10.2043
65.8607, 30.3253
104.756, -1.44783
79.9972, 14.7481
54.3484, 27.2395
30.1933, -7.28108
35.0953, -46.9671
68.4759, -41.5526
85.1459, -30.3784
86.1448, -21.6669
89.9973, -18.5487
97.2335, 5.73715
109.337, 5.57875
123.071, -45.2422
122.857, -58.9912
107.778, -36.1406
87.3144, -28.6976
74.9898, -14.6879
74.7818, -5.37999
46.2697, -3.2708
27.0198, -1.46939
22.9579, -8.37752
12.5644, -12.9297
28.2959, 4.30886
61.5541, -16.7364
