-47.7993, -79.4878
-18.5435, -61.8593
-10.3969, -22.3952
-52.2872, -5.39801
-109.458, 17.188
-155.826, 44.4616
-200.07, 94.201
-220.308, 165.635
-196.147, 249.236
-130.067, 343.437
135.461, 463.354
264.767, 512.793
401.555, 585.08
523.871, 580.751
651.724, 525.256
800.031, 390.826
822.012, 358.534
765.502, 394.168
814.97, 270.851
854.492, 158.479
884.871, 53.9099
910.173, -41.1109
930.183, -127.828
945.781, -205.416
955.657, -278.64
949.998, -357.712
747.806, -603.862
471.468, -849.352
277.624, -927.745
84.5362, -965.164
-75.3313, -971.932
-188.643, -967.23
-240.226, -962.375
-270.893, -963.054
-295.215, -945.19
-331.862, -903.002
-384.01, -828.269
-366.796, -681.833
-235.239, -562.577
-239.921, -508.532
-272.257, -412.56
-321.845, -248.663
-364.644, -91.5622
-398.428, 50.0454
-428.7, 178.487
-469.372, 378.718
-459.538, 482.317
-403.138, 586.242
-298.245, 683.243
-164.096, 767.288
-12.6305, 830.263
140.447, 873.173
283.436, 903.736
415.598, 918.373
540.183, 888.37
657.745, 811.416
763.475, 694.849
853.057, 555.214
928.716, 409.983
991.413, 265.11
1041.32, 124.039
1081.07, -12.6313
1113.23, -140.78
1137.6, -260.824
1152.43, -372.276
1147.6, -483.337
1110.6, -589.906
1030.57, -693.827
908.998, -793.877
763.194, -872.246
603.86, -933.222
446.121, -976.906
293.901, -1008.04
151.793, -1029.02
27.9598, -1038.72
-77.9188, -1042.67
-190.226, -1049.96
-152.155, -945.505
-193.734, -928.241
-281.182, -904.006
-371.602, -836.291
-454.135, -727.34
-524.164, -586.626
-574.433, -432.375
-609.744, -276.51
-633.91, -126.782
-649.137, 12.6331
-663.231, 141.13
-679.34, 259.281
-687.651, 368.884
-665.096, 474.256
-599.02, 564.466
-493.826, 652.651
-364.658, 728.188
-221.876, 789.897
-80.7181, 835.091
61.6981, 870.318
193.369, 897.315
289.393, 908.501
439.432, 891.332
542.487, 841.601
645.875, 756.008
745.055, 638.106
837.56, 490.898
917.659, 326.079
982.476, 158.397
1030.56, -5.72533
1065.37, -156.256
1088.22, -290.776
1097.21, -404.854
1080.15, -506.106
1024.6, -594.771
922.666, -670.296
571.954, -543.88
77.2031, -192.983
-68.2161, -96.9697
-89.8501, -53.3174
-81.7213, -35.3856
-91.7828, -40.5871
-88.2785, -103.271
-104.785, -172.169
-228.326, -136.122
-337.537, -61.6464
-430.682, 38.721
-499.03, 150.379
-554.643, 261.783
-59.5804, 132.956
68.0909, 116.76
93.7421, 255.083
187.723, 370.378
358.757, 431.643
535.743, 447.202
675.299, 434.055
769.334, 400.319
841.645, 311.566
899.677, 196.172
884.463, 157.175
933.909, 132.329
987.545, 94.3367
1015.09, 55.9317
1060.34, 60.0077
1110.09, 71.9465
1111, 58.1844
1137.77, 45.9286
1132.89, 47.3568
1115.24, 53.2092
1108.4, 65.6481
1080.01, 80.7635
1031.58, 104.003
968.35, 122.089
923.65, 131.046
882.033, 134.922
829.04, 134.104
437.365, -37.8224
354.149, -77.9121
326.996, -93.5999
283.314, -117.113
244.027, -125.272
206.027, -118.733
187.464, -182.06
189.718, -210.162
186.795, -199.179
168.914, -172.224
67.6119, -138.268
17.6022, -120.793
-159.948, -8.71543
-188.139, 6.19919
-183.183, -0.0593357
-183.676, -5.57836
-12.1576, -59.1808
59.0826, -53.0285
60.5113, -40.2651
43.9786, -44.3664
41.8837, -38.6153
31.879, -24.0737
20.2622, -17.4571
24.6955, -22.8302
34.2365, -28.5233
52.872, -49.0294
70.0533, -90.6587
84.1865, -123.071
94.1058, -125.128
142.102, -161.097
158.095, -175.794
187.887, -206.772
211.56, -237.718
234.534, -257.053
255.541, -272.804
261.206, -280.555
271.74, -302.851
275.183, -312.205
274.076, -316.712
217.373, -150.362
206.172, -129.306
168.166, -76.8738
64.7812, 74.3909
53.1498, 81.5364
49.3208, 78.57
97.4783, 66.8234
156.306, 52.5547
149.727, 47.7968
142.947, 44.6044
135.797, 42.4474
130.319, 39.9236
125.59, 37.5137
120.5, 36.5901
114.667, 36.9453
108.314, 36.1251
103.296, 35.4492
94.0651, 34.8244
87.5647, 35.4828
79.7321, 37.9168
73.2811, 36.2783
181.366, -148.208
152.01, -209.134
159.305, -215.872
205.773, -175.39
133.536, -132.453
108.354, -95.3338
103.135, -93.1864
51.6991, -88.8382
22.1134, -55.5068
-13.4335, -4.44557
-64.362, 42.6225
-74.2172, 67.882
-80.7323, 76.7877
-87.191, 90.1393
-93.1692, 104.552
-109.485, 85.2561
-127.365, 91.5354
-113.856, 106.115
-83.8661, 97.9476
-60.799, 85.8648
-33.4958, 85.033
-44.7933, 74.6824
-45.634, 63.575
-46.1954, 58.2632
-48.8215, 61.6099
-37.322, 57.2631
-12.8262, 51.9456
2.2264, 49.2586
-8.00377, 23.726
-5.82355, 18.216
11.684, 10.0805
7.38512, 3.25852
10.2605, -2.73482
13.044, -11.8772
13.4478, -15.5757
7.11344, -8.92444
14.9113, -18.6154
28.3801, -15.108
33.6376, -23.34
37.6483, -25.7191
43.387, -30.4458
57.7564, -35.6188
85.758, -36.6448
163.815, -27.0871
201.376, -18.8489
219.123, -5.34118
182.444, 32.4445
131.457, 69.2225
89.3296, 146.072
71.301, 165.081
-7.46632, 47.7176
-6.91547, 39.6722
-51.9962, 29.6148
-113.347, 20.9221
-137.345, -1.55551
-159.113, -25.162
-189.442, -42.5215
-232.5, -50.6947
-281.598, -60.1935
-319.838, -74.7213
-352.78, -83.5326
-407.217, -67.3931
-479.496, -50.6078
-572.369, -32.6915
-651.786, -21.9215
-726.249, -12.969
-784.954, -10.6305
-821.441, -11.5658
-867.957, -6.12215
-915.193, -1.47718
-947.211, -3.36713
-964.29, -4.88461
-974.087, -16.1095
-961.128, -23.7507
-937.547, -19.8638
-761.149, 42.5697
-720.659, 42.9311
-684.326, 36.3822
-663.994, 34.7848
-652.136, 27.0451
-613.9, 35.9657
-588.886, 37.0132
-539.622, 42.924
-480.957, 47.2783
-423.266, 50.0326
-355.082, 64.387
-317.992, 89.5662
-291.84, 98.5953
-245.029, 90.3071
-198.618, 85.7371
-144.765, 73.9743
-84.486, 69.0484
-34.205, 62.7607
0.249675, 114.55
19.7971, 96.6986
74.3256, 53.4143
141.065, 9.49182
160.833, 6.36486
166.423, 8.08547
89.7494, 11.9725
25.7544, 1.2952
-10.2437, 1.58466
-61.36, -9.23923
-223.644, -69.1395
-419.235, -62.0345
-434.897, -27.3521
-324.86, 14.2424
-242.441, 38.0881
-227.966, 69.2697
-254.773, 102.655
-303.18, 123.71
-348.396, 138.405
-385.382, 150.4
-431.167, 161.24
-457.886, 159.255
-518.191, 170.818
-570.038, 168.173
-602.17, 161.08
-660.874, 169.454
-680.15, 164.799
-732.175, 152.984
-783.17, 150.723
-854.873, 156.791
-929.901, 159.177
-978.932, 150.834
-1050.55, 168.164
-1107.82, 167.365
-1151.32, 168.674
-1190.29, 179.132
-1234.41, 168.845
-1262.07, 160.786
-1267.57, 158.976
-1258.05, 153.348
-1235.5, 148.059
-1176.92, 142.228
-1118.95, 122.973
-1058.19, 111.028
-1015.26, 103.386
-892.73, 20.7435
-780.181, -30.8892
-691.646, -28.9719
-457.445, -50.9152
-296.302, -57.9622
-215.057, -61.4976
-32.1989, -19.2788
128.483, 16.823
190.246, 17.202
202.908, 5.12771
121.931, -18.1931
152.778, -84.1297
165.829, -140.168
147.035, -192.436
165.195, -249.11
169.025, -310.593
172.452, -329.506
161.038, -360.101
179.711, -325.243
63.8773, -274.605
67.9671, -228.225
87.9576, -189.953
97.5182, -124.977
60.0517, -57.9475
52.6129, 9.75093
37.778, 75.6454
52.3035, 145.269
53.249, 235.056
29.0897, 338.416
26.9551, 456.422
36.3024, 552.811
50.0706, 644.39
44.2757, 716.969
40.2271, 766.547
36.5775, 793.705
62.3935, 781.899
129.575, 740.839
174.644, 732.265
102.624, 749.733
100.395, 726.613
86.2472, 656.812
90.646, 582.858
119.417, 510.452
135.882, 424.929
161.985, 334.515
184.748, 246.49
192.205, 156.645
203.516, 90.1759
117.745, 378.61
40.7556, 638.727
28.8576, 708.119
25.8513, 708.117
27.0516, 652.221
36.2096, 525.452
4.50363, 396.973
-31.015, 309.123
-29.226, 279.909
29.2666, 170.192
38.6476, 85.1872
32.8076, 18.2686
25.01, -26.4608
14.7134, -56.3112
-4.19743, -64.549
-26.3243, -90.4478
-28.7935, -110.772
-44.921, -103.537
-52.9218, -75.7531
13.1192, -16.4684
7.02882, 17.256
21.1899, 56.267
46.8402, 75.2506
52.3218, 129.1
39.5085, 187.14
26.6091, 155.985
24.7767, 81.0718
6.5004, 131.933
24.4135, 101.266
41.8137, 69.9801
56.4025, 182.884
75.6538, 269.487
81.7801, 353.099
88.152, 433.029
92.6178, 519.153
83.7516, 588.777
52.2636, 634.056
40.1757, 652.579
39.0146, 657.427
52.6947, 646.943
59.1027, 632.924
85.7501, 613.619
85.954, 595.762
65.159, 530.04
-115.972, 370.091
-152.023, 319.571
-155.533, 255.826
-159.856, 179.988
-176.738, 104.148
-169.98, 25.4284
-138.695, -64.0838
-81.7229, -135.438
-69.3175, -238.534
-61.6153, -348.924
-37.918, -455.917
-27.8866, -554.996
-20.1123, -630.115
1.69942, -684.447
28.9486, -709.853
31.4996, -739.433
28.2856, -775.76
24.2324, -781.588
18.7149, -783.125
77.2817, -649.91
83.3872, -635.382
73.1817, -631.094
23.8717, -650.02
-25.9772, -652.158
-59.8059, -644.603
-123.999, -614.823
-153.751, -390.923
-173.122, -297.785
-186.717, -265.672
-172.888, -236.239
-140.194, -200.8
-84.3757, -155.758
-53.7524, -92.5225
-49.5147, -67.8593
-95.0787, -72.567
-188.5, -62.3443
-236.02, -47.1026
-60.9545, -23.2181
105.599, 12.365
139.39, 13.031
304.764, 31.4732
292.545, 29.7257
236.792, 22.9877
140.355, 17.8303
56.6104, 0.0694678
-46.4866, -5.02825
-150.151, -14.4118
-242.144, -13.3548
-330.728, -15.6181
-419.627, -28.9783
-521.215, -48.5176
-588.797, -51.7147
-643.888, -53.4986
-677.045, -61.6253
-668.647, -52.8542
-567.19, -39.5327
-563.116, -58.0523
-431.971, -6.87502
-361.277, 16.0175
-364.293, -9.31199
-489.113, -76.141
-427.856, -46.7522
-320.716, -31.3983
-196.36, -16.5069
-84.1365, -8.58083
1.51217, -14.5744
115.646, -19.3078
269.846, -9.61747
413.734, 4.58038
540.747, 33.6544
639.89, 38.9685
715.552, 47.7098
760.232, 41.7757
809.975, 39.546
842.686, 43.7976
688.24, 3.68964
690.114, -0.498412
740.895, 8.86118
775.583, 26.515
788.138, 6.81085
779.884, -12.1176
812.14, -5.63461
813.36, -6.02477
786.296, -4.71699
672.998, -26.9512
631.873, 94.2887
529.825, 127.831
413.442, 100.67
280.807, 72.6871
123.367, 64.7075
-38.9051, 75.0158
-148.964, 77.4202
-252.69, 67.2318
-301.458, 26.5218
-189.679, 14.0736
-143.333, 38.54
-114.244, 21.6633
-93.0961, 14.4845
7.12083, -15.6242
113.232, 1.68802
196.696, 24.9613
220.74, 29.2566
107.041, 20.2756
116.033, 73.8061
206.679, 130.268
357.694, 201.692
553.631, 265.97
753.246, 299.994
871.616, 248.867
1024.49, 210.23
1078.48, 151.274
1147.92, 116.522
1302.12, 39.5341
1488.24, 6.91014
1625.8, 20.5034
1725.57, 27.6129
1803.34, 18.0051
1857.18, 18.1903
1890.59, 30.5546
1939.17, 43.3755
1958.44, 52.5257
1995.24, 52.6158
2034.12, 40.1902
2102.01, 34.8868
2136.58, 45.6431
2154.39, 30.4227
2175.84, 33.8865
2194.62, 20.596
2215.45, 15.6583
2224.54, 23.6269
1995.26, 11.5752
537.528, -96.0971
382.307, -119.5
415.451, -111.223
448.343, -107.049
447.903, -137.378
286.644, -130.05
141.247, -71.4271
48.7591, -3.54833
-63.7999, 126.537
-82.9422, 150.01
-188.021, 213.838
-289.405, 260.036
-292.161, 248.824
-291.714, 233.538
-288.888, 202.702
-270.689, 185.647
-260.886, 164.364
-243.38, 151.68
-205.033, 84.5696
-114.431, -65.8086
-91.9881, -88.4295
-90.4066, -102.976
-107.416, -138.851
-130.551, -152.475
-160.109, -156.851
-169.807, -165.578
-173.229, -172.023
-174.257, -180.216
-157.799, -192.16
-88.8344, -165.465
93.1675, -268.167
146.273, -255.135
118.836, -284.632
113.389, -284.065
133.56, -257.826
110.861, -231.25
91.8186, -239.625
101.114, -182.444
84.0955, -42.4907
77.7485, 87.3664
79.3183, 122.457
92.6237, 158.954
87.3482, 198.401
77.2699, 236.938
72.7345, 250.896
78.4345, 287.459
48.9508, 316.293
11.7093, 326.134
-0.722535, 306.125
71.8476, 259.973
94.3836, 246.267
65.2222, 223.174
55.4709, 159.921
56.5709, 106.767
64.6814, 26.1994
86.6795, -47.1511
93.1238, -74.2825
83.9416, -87.1489
78.8852, -89.4125
43.273, -76.1996
17.011, -70.8703
28.2009, -73.3623
18.0762, -62.2205
13.2085, -46.3117
20.0158, -41.8162
6.95778, -32.9824
-8.9282, -37.8166
4.32111, -45.8211
20.3809, -20.8642
28.8397, -13.2557
18.8345, -16.0656
15.544, -20.3518
13.052, -14.4857
7.11544, -13.3267
5.72113, -8.37085
2.18741, -7.4011
-3.34108, -12.254
-3.1264, -21.1486
19.7392, -14.0719
23.2403, -10.1047
2.59965, -5.97395
-1.00863, -7.79714
-13.7639, -8.86584
-18.92, -16.6438
-19.4056, -9.52246
-29.2859, -7.50214
-32.4784, -9.41885
-4.13559, -3.53466
-15.6066, -4.50434
-15.1054, -5.58719
-12.1916, -8.44027
-9.38148, -2.98398
0.817383, -5.97259
-2.64921, -12.9467
5.90975, -10.7115
7.3485, -13.4871
3.55852, -14.5538
-8.07971, -13.075
-10.3078, -15.3635
-13.5634, -18.2044
-15.933, -19.9172
-5.23515, -15.8768
-22.8017, 1.08296
-64.7656, -19.5522
-100.449, -3.57929
109.805, -7.34494
130.352, -39.6678
205.627, -16.3584
285.92, -12.8714
409.176, -60.3619
449.779, -67.2659
412.768, -75.2455
260.169, -104.762
29.9628, -154.145
-70.5428, -25.0321
-124.573, -1.96648
-184.44, -11.1573
-229.035, -10.1094
-260.94, 7.12606
-273.187, 48.0979
-269.064, 94.0628
